<?xml version="1.0"?>
<opencv_storage>
<intrinsic type_id="opencv-matrix">
  <rows>3</rows>
  <cols>3</cols>
  <dt>d</dt>
  <data>
    3.9978796045260592e+003 0. 6.3288650705424129e+002 0.
    4.0029564178840596e+003 3.0591236794701763e+002 0. 0. 1.</data></intrinsic>
<distortion type_id="opencv-matrix">
  <rows>1</rows>
  <cols>5</cols>
  <dt>d</dt>
  <data>
    -6.8236014342532529e+000 4.9969670836919020e+000
    5.4245584417550390e-002 2.8612490952676223e-002
    3.1449250443643382e+003</data></distortion>
</opencv_storage>
