<?xml version="1.0"?>
<opencv_storage>
<intrinsic type_id="opencv-matrix">
  <rows>3</rows>
  <cols>3</cols>
  <dt>d</dt>
  <data>
    5.6081908537790866e+002 0. 3.5906315219386096e+002 0.
    5.6160765286947458e+002 1.6728584441248637e+002 0. 0. 1.</data></intrinsic>
<distortion type_id="opencv-matrix">
  <rows>1</rows>
  <cols>5</cols>
  <dt>d</dt>
  <data>
    -5.5103410834979016e-001 3.8039343547229343e-001
    -3.1926930104087307e-003 -1.4892897053935284e-002
    -2.1995102277859988e-001</data></distortion>
</opencv_storage>
